10298
10547
11018
11879
13291
13354
13836
14630
15498
16515
18095
18361
18523
20346
20756
21775
23564
25203
27488
28804
30574
30892
31598
32878
34870
37945
38062
38535
41510
42890
43146
43328
43515
44122
45204
46566
46570
47146
48839
48905
51041
51072
51182
51869
52581
54055
54891
55228
55508
55892
56971
57320
57805
58853
60820
60873
64270
64930
65070
65075
65076
65465
65480
67612
69962
69988
70015
70540
70554
70648
72371
74018
74562
75418
75922
76000
77875
78884
80563
80903
81049
81849
82392
83963
84543
86075
86366
87363
88631
90147
90453
90829
90870
92493
92746
93499
98311
98446
98450
98631
98724
99319
99410
99505